0.40000E+03 0.65000E+03 0.49414E+02
0.40000E+03 0.65000E+03 0.52149E+02
0.40000E+03 0.65000E+03 0.27263E+02
0.40000E+03 0.65000E+03 0.33421E+02
0.40000E+03 0.65000E+03 0.18594E+02
0.40000E+03 0.65000E+03 0.16348E+02
0.40000E+03 0.65000E+03 0.21211E+02
0.40000E+03 0.65000E+03 0.12374E+02
0.40000E+03 0.65000E+03 0.11224E+02
0.40000E+03 0.65000E+03 0.10247E+02
0.40000E+03 0.65000E+03 0.94083E+01
0.40000E+03 0.65000E+03 0.86817E+01
0.40000E+03 0.65000E+03 0.80474E+01
0.40000E+03 0.65000E+03 0.74895E+01
0.40000E+03 0.65000E+03 0.69954E+01
0.40000E+03 0.65000E+03 0.96833E+01
0.40000E+03 0.65000E+03 0.88422E+01
0.40000E+03 0.65000E+03 0.81209E+01
0.40000E+03 0.65000E+03 0.74965E+01
0.40000E+03 0.65000E+03 0.91593E+01
0.40000E+03 0.65000E+03 0.10312E+02
0.40000E+03 0.65000E+03 0.56695E+01
0.40000E+03 0.65000E+03 0.53309E+01
0.40000E+03 0.65000E+03 0.42080E+01
0.40000E+03 0.65000E+03 0.40135E+01
0.40000E+03 0.65000E+03 0.45802E+01
0.40000E+03 0.65000E+03 0.43446E+01
0.40000E+03 0.65000E+03 0.41294E+01
0.40000E+03 0.65000E+03 0.39316E+01
0.40000E+03 0.65000E+03 0.37500E+01
0.40000E+03 0.65000E+03 0.58828E+01
0.40000E+03 0.65000E+03 0.65212E+01
0.40000E+03 0.65000E+03 0.13327E+02
0.40000E+03 0.65000E+03 0.82123E+01
0.40000E+03 0.65000E+03 0.73401E+01
0.40000E+03 0.65000E+03 0.66087E+01
0.40000E+03 0.65000E+03 0.59868E+01
0.40000E+03 0.65000E+03 0.54513E+01
0.40000E+03 0.65000E+03 0.49854E+01
0.40000E+03 0.65000E+03 0.45764E+01
0.40000E+03 0.65000E+03 0.42139E+01
0.40000E+03 0.65000E+03 0.38909E+01
0.40000E+03 0.65000E+03 0.36005E+01
0.40000E+03 0.65000E+03 0.33382E+01
0.40000E+03 0.65000E+03 0.59829E+01
0.40000E+03 0.65000E+03 0.51837E+01
0.40000E+03 0.65000E+03 0.45053E+01
0.40000E+03 0.65000E+03 0.39222E+01
0.40000E+03 0.65000E+03 0.77274E+01
0.40000E+03 0.65000E+03 0.54248E+01
0.40000E+03 0.65000E+03 0.16682E+01
0.40000E+03 0.65000E+03 0.10931E+01
0.40000E+03 0.65000E+03 0.97098E+00
0.40000E+03 0.65000E+03 0.24892E+01
0.40000E+03 0.65000E+03 0.25577E+01
0.40000E+03 0.65000E+03 0.82922E+00
0.40000E+03 0.65000E+03 0.19783E+00
0.65000E+03 0.80000E+03 0.71731E+00
0.65000E+03 0.80000E+03 0.12222E+02
0.65000E+03 0.80000E+03 0.70792E+01
0.65000E+03 0.80000E+03 0.88502E+01
0.65000E+03 0.80000E+03 0.50134E+01
0.65000E+03 0.80000E+03 0.44592E+01
0.65000E+03 0.80000E+03 0.58532E+01
0.65000E+03 0.80000E+03 0.34472E+01
0.65000E+03 0.80000E+03 0.31462E+01
0.65000E+03 0.80000E+03 0.28873E+01
0.65000E+03 0.80000E+03 0.26628E+01
0.65000E+03 0.80000E+03 0.24666E+01
0.65000E+03 0.80000E+03 0.22941E+01
0.65000E+03 0.80000E+03 0.21413E+01
0.65000E+03 0.80000E+03 0.20052E+01
0.65000E+03 0.80000E+03 0.27834E+01
0.65000E+03 0.80000E+03 0.25489E+01
0.65000E+03 0.80000E+03 0.15852E+01
0.65000E+03 0.80000E+03 0.29323E+01
0.65000E+03 0.80000E+03 0.26578E+01
0.65000E+03 0.80000E+03 0.35608E+01
0.65000E+03 0.80000E+03 0.50441E+01
0.65000E+03 0.80000E+03 0.38172E+01
0.65000E+03 0.80000E+03 0.32989E+01
0.65000E+03 0.80000E+03 0.31898E+01
0.65000E+03 0.80000E+03 0.33079E+01
0.65000E+03 0.80000E+03 0.24115E+01
0.65000E+03 0.80000E+03 0.21560E+01
0.65000E+03 0.80000E+03 0.19415E+01
0.65000E+03 0.80000E+03 0.17588E+01
0.65000E+03 0.80000E+03 0.16013E+01
0.65000E+03 0.80000E+03 0.14642E+01
0.65000E+03 0.80000E+03 0.13437E+01
0.65000E+03 0.80000E+03 0.34344E+01
0.65000E+03 0.80000E+03 0.18869E+01
0.65000E+03 0.80000E+03 0.23607E+01
0.65000E+03 0.80000E+03 0.13164E+01
0.65000E+03 0.80000E+03 0.16594E+01
0.65000E+03 0.80000E+03 0.17338E+01
0.65000E+03 0.80000E+03 0.15720E+01
0.65000E+03 0.80000E+03 0.48181E+00
0.65000E+03 0.80000E+03 0.31515E+00
0.65000E+03 0.80000E+03 0.27954E+00
0.65000E+03 0.80000E+03 0.71434E+00
0.65000E+03 0.80000E+03 0.72845E+00
0.65000E+03 0.80000E+03 0.28788E+00
0.80000E+03 0.95000E+03 0.36659E+01
0.80000E+03 0.95000E+03 0.44548E+01
0.80000E+03 0.95000E+03 0.55778E+01
0.80000E+03 0.95000E+03 0.46462E+01
0.80000E+03 0.95000E+03 0.51540E+01
0.80000E+03 0.95000E+03 0.22323E+01
0.80000E+03 0.95000E+03 0.20458E+01
0.80000E+03 0.95000E+03 0.18843E+01
0.80000E+03 0.95000E+03 0.17432E+01
0.80000E+03 0.95000E+03 0.16193E+01
0.80000E+03 0.95000E+03 0.15097E+01
0.80000E+03 0.95000E+03 0.14122E+01
0.80000E+03 0.95000E+03 0.13249E+01
0.80000E+03 0.95000E+03 0.18430E+01
0.80000E+03 0.95000E+03 0.16915E+01
0.80000E+03 0.95000E+03 0.10536E+01
0.80000E+03 0.95000E+03 0.19522E+01
0.80000E+03 0.95000E+03 0.37766E+01
0.80000E+03 0.95000E+03 0.28073E+01
0.80000E+03 0.95000E+03 0.26984E+01
0.80000E+03 0.95000E+03 0.23234E+01
0.80000E+03 0.95000E+03 0.24467E+01
0.80000E+03 0.95000E+03 0.26347E+01
0.80000E+03 0.95000E+03 0.16258E+01
0.80000E+03 0.95000E+03 0.14543E+01
0.80000E+03 0.95000E+03 0.13100E+01
0.80000E+03 0.95000E+03 0.11870E+01
0.80000E+03 0.95000E+03 0.20694E+01
0.80000E+03 0.95000E+03 0.17422E+01
0.80000E+03 0.95000E+03 0.14834E+01
0.80000E+03 0.95000E+03 0.12733E+01
0.80000E+03 0.95000E+03 0.10992E+01
0.80000E+03 0.95000E+03 0.13805E+01
0.80000E+03 0.95000E+03 0.11178E+01
0.80000E+03 0.95000E+03 0.11665E+01
0.80000E+03 0.95000E+03 0.10558E+01
0.80000E+03 0.95000E+03 0.39629E+00
0.80000E+03 0.95000E+03 0.32513E+00
0.80000E+03 0.95000E+03 0.78062E+00
0.80000E+03 0.95000E+03 0.37237E+00
0.95000E+03 0.11000E+04 0.23700E+00
0.95000E+03 0.11000E+04 0.26709E+01
0.95000E+03 0.11000E+04 0.37774E+01
0.95000E+03 0.11000E+04 0.31526E+01
0.95000E+03 0.11000E+04 0.35232E+01
0.95000E+03 0.11000E+04 0.15359E+01
0.95000E+03 0.11000E+04 0.14130E+01
0.95000E+03 0.11000E+04 0.13058E+01
0.95000E+03 0.11000E+04 0.12117E+01
0.95000E+03 0.11000E+04 0.11286E+01
0.95000E+03 0.11000E+04 0.10547E+01
0.95000E+03 0.11000E+04 0.98872E+00
0.95000E+03 0.11000E+04 0.92941E+00
0.95000E+03 0.11000E+04 0.24873E+01
0.95000E+03 0.11000E+04 0.21236E+01
0.95000E+03 0.11000E+04 0.26776E+01
0.95000E+03 0.11000E+04 0.19965E+01
0.95000E+03 0.11000E+04 0.19233E+01
0.95000E+03 0.11000E+04 0.16589E+01
0.95000E+03 0.11000E+04 0.17496E+01
0.95000E+03 0.11000E+04 0.18865E+01
0.95000E+03 0.11000E+04 0.11653E+01
0.95000E+03 0.11000E+04 0.10429E+01
0.95000E+03 0.11000E+04 0.93991E+00
0.95000E+03 0.11000E+04 0.85197E+00
0.95000E+03 0.11000E+04 0.77603E+00
0.95000E+03 0.11000E+04 0.70979E+00
0.95000E+03 0.11000E+04 0.65149E+00
0.95000E+03 0.11000E+04 0.59974E+00
0.95000E+03 0.11000E+04 0.81443E+00
0.95000E+03 0.11000E+04 0.72541E+00
0.95000E+03 0.11000E+04 0.84918E+00
0.95000E+03 0.11000E+04 0.73440E+00
0.95000E+03 0.11000E+04 0.63692E+00
0.95000E+03 0.11000E+04 0.55316E+00
0.95000E+03 0.11000E+04 0.89760E+00
0.95000E+03 0.11000E+04 0.94305E+00
0.95000E+03 0.11000E+04 0.85616E+00
0.95000E+03 0.11000E+04 0.47937E+00
0.11000E+04 0.13000E+04 0.37408E+01
0.11000E+04 0.13000E+04 0.28612E+01
0.11000E+04 0.13000E+04 0.24590E+01
0.11000E+04 0.13000E+04 0.21540E+01
0.11000E+04 0.13000E+04 0.30713E+01
0.11000E+04 0.13000E+04 0.20949E+01
0.11000E+04 0.13000E+04 0.22718E+01
0.11000E+04 0.13000E+04 0.15955E+01
0.11000E+04 0.13000E+04 0.21005E+01
0.11000E+04 0.13000E+04 0.23757E+01
0.11000E+04 0.13000E+04 0.17737E+01
0.11000E+04 0.13000E+04 0.19624E+01
0.11000E+04 0.13000E+04 0.15091E+01
0.11000E+04 0.13000E+04 0.16432E+01
0.11000E+04 0.13000E+04 0.14286E+01
0.11000E+04 0.13000E+04 0.12566E+01
0.11000E+04 0.13000E+04 0.11165E+01
0.11000E+04 0.13000E+04 0.10001E+01
0.11000E+04 0.13000E+04 0.90190E+00
0.11000E+04 0.13000E+04 0.81794E+00
0.11000E+04 0.13000E+04 0.74534E+00
0.11000E+04 0.13000E+04 0.68194E+00
0.11000E+04 0.13000E+04 0.62609E+00
0.11000E+04 0.13000E+04 0.57646E+00
0.11000E+04 0.13000E+04 0.53212E+00
0.11000E+04 0.13000E+04 0.94826E+00
0.11000E+04 0.13000E+04 0.81644E+00
0.11000E+04 0.13000E+04 0.10229E+01
0.11000E+04 0.13000E+04 0.82676E+00
0.11000E+04 0.13000E+04 0.86199E+00
0.11000E+04 0.13000E+04 0.90457E+00
0.11000E+04 0.13000E+04 0.81929E+00
0.11000E+04 0.13000E+04 0.45628E+00
0.13000E+04 0.15000E+04 0.92028E+00
0.13000E+04 0.15000E+04 0.13470E+01
0.13000E+04 0.15000E+04 0.12029E+01
0.13000E+04 0.15000E+04 0.16031E+01
0.13000E+04 0.15000E+04 0.18519E+01
0.13000E+04 0.15000E+04 0.16015E+01
0.13000E+04 0.15000E+04 0.14051E+01
0.13000E+04 0.15000E+04 0.12468E+01
0.13000E+04 0.15000E+04 0.11166E+01
0.13000E+04 0.15000E+04 0.14767E+01
0.13000E+04 0.15000E+04 0.12854E+01
0.13000E+04 0.15000E+04 0.14819E+01
0.13000E+04 0.15000E+04 0.12748E+01
0.13000E+04 0.15000E+04 0.11125E+01
0.13000E+04 0.15000E+04 0.12107E+01
0.13000E+04 0.15000E+04 0.12464E+01
0.13000E+04 0.15000E+04 0.46495E+00
0.13000E+04 0.15000E+04 0.43759E+00
0.13000E+04 0.15000E+04 0.80297E+00
0.13000E+04 0.15000E+04 0.72001E+00
0.13000E+04 0.15000E+04 0.64986E+00
0.13000E+04 0.15000E+04 0.58978E+00
0.13000E+04 0.15000E+04 0.53774E+00
0.13000E+04 0.15000E+04 0.49223E+00
0.13000E+04 0.15000E+04 0.45209E+00
0.13000E+04 0.15000E+04 0.41638E+00
0.13000E+04 0.15000E+04 0.38445E+00
0.13000E+04 0.15000E+04 0.35567E+00
0.13000E+04 0.15000E+04 0.32960E+00
0.13000E+04 0.15000E+04 0.30590E+00
0.13000E+04 0.15000E+04 0.54855E+00
0.13000E+04 0.15000E+04 0.10726E+01
0.13000E+04 0.15000E+04 0.87304E+00
0.13000E+04 0.15000E+04 0.99233E+00
0.13000E+04 0.15000E+04 0.32692E+00
0.15000E+04 0.18000E+04 0.11793E+01
0.15000E+04 0.18000E+04 0.22092E+01
0.15000E+04 0.18000E+04 0.14207E+01
0.15000E+04 0.18000E+04 0.12723E+01
0.15000E+04 0.18000E+04 0.15125E+01
0.15000E+04 0.18000E+04 0.19592E+01
0.15000E+04 0.18000E+04 0.16720E+01
0.15000E+04 0.18000E+04 0.14501E+01
0.15000E+04 0.18000E+04 0.18560E+01
0.15000E+04 0.18000E+04 0.12377E+01
0.15000E+04 0.18000E+04 0.15289E+01
0.15000E+04 0.18000E+04 0.13091E+01
0.15000E+04 0.18000E+04 0.11377E+01
0.15000E+04 0.18000E+04 0.13680E+01
0.15000E+04 0.18000E+04 0.84926E+00
0.15000E+04 0.18000E+04 0.76260E+00
0.15000E+04 0.18000E+04 0.68911E+00
0.15000E+04 0.18000E+04 0.62601E+00
0.15000E+04 0.18000E+04 0.57124E+00
0.15000E+04 0.18000E+04 0.52325E+00
0.15000E+04 0.18000E+04 0.48085E+00
0.15000E+04 0.18000E+04 0.44309E+00
0.15000E+04 0.18000E+04 0.78801E+00
0.15000E+04 0.18000E+04 0.67699E+00
0.15000E+04 0.18000E+04 0.58454E+00
0.15000E+04 0.18000E+04 0.73376E+00
0.15000E+04 0.18000E+04 0.59331E+00
0.15000E+04 0.18000E+04 0.47947E+00
0.15000E+04 0.18000E+04 0.59969E+00
0.15000E+04 0.18000E+04 0.47350E+00
0.15000E+04 0.18000E+04 0.59439E+00
0.18000E+04 0.21000E+04 0.10172E+01
0.18000E+04 0.21000E+04 0.94028E+00
0.18000E+04 0.21000E+04 0.83783E+00
0.18000E+04 0.21000E+04 0.99650E+00
0.18000E+04 0.21000E+04 0.12969E+01
0.18000E+04 0.21000E+04 0.11145E+01
0.18000E+04 0.21000E+04 0.15574E+01
0.18000E+04 0.21000E+04 0.79624E+00
0.18000E+04 0.21000E+04 0.11525E+01
0.18000E+04 0.21000E+04 0.79694E+00
0.18000E+04 0.21000E+04 0.87349E+00
0.18000E+04 0.21000E+04 0.15646E+01
0.18000E+04 0.21000E+04 0.15980E+01
0.18000E+04 0.21000E+04 0.11998E+01
0.18000E+04 0.21000E+04 0.11971E+01
0.18000E+04 0.21000E+04 0.10675E+01
0.18000E+04 0.21000E+04 0.74663E+00
0.18000E+04 0.21000E+04 0.99469E+00
0.18000E+04 0.21000E+04 0.50784E+00
0.21000E+04 0.24000E+04 0.63307E+00
0.21000E+04 0.24000E+04 0.77187E+00
0.21000E+04 0.24000E+04 0.67511E+00
0.21000E+04 0.24000E+04 0.88238E+00
0.21000E+04 0.24000E+04 0.11101E+01
0.21000E+04 0.24000E+04 0.10168E+01
0.21000E+04 0.24000E+04 0.44323E+00
0.21000E+04 0.24000E+04 0.12670E+01
0.21000E+04 0.24000E+04 0.11519E+01
0.21000E+04 0.24000E+04 0.12933E+01
0.21000E+04 0.24000E+04 0.96088E+00
0.21000E+04 0.24000E+04 0.95215E+00
0.21000E+04 0.24000E+04 0.69998E+00
0.21000E+04 0.24000E+04 0.63392E+00
0.21000E+04 0.24000E+04 0.44500E+00
0.21000E+04 0.24000E+04 0.58431E+00
0.21000E+04 0.24000E+04 0.27439E+00
0.24000E+04 0.28000E+04 0.40345E+00
0.24000E+04 0.28000E+04 0.65400E+00
0.24000E+04 0.28000E+04 0.84264E+00
0.24000E+04 0.28000E+04 0.72641E+00
0.24000E+04 0.28000E+04 0.63962E+00
0.24000E+04 0.28000E+04 0.74769E+00
0.24000E+04 0.28000E+04 0.57535E+00
0.24000E+04 0.28000E+04 0.78714E+00
0.24000E+04 0.28000E+04 0.61710E+00
0.24000E+04 0.28000E+04 0.54278E+00
0.24000E+04 0.28000E+04 0.10736E+01
0.24000E+04 0.28000E+04 0.10230E+01
0.24000E+04 0.28000E+04 0.78495E+00
0.24000E+04 0.28000E+04 0.79506E+00
0.24000E+04 0.28000E+04 0.71630E+00
0.24000E+04 0.28000E+04 0.50314E+00
0.24000E+04 0.28000E+04 0.40844E+00
0.24000E+04 0.28000E+04 0.41731E+00
0.24000E+04 0.28000E+04 0.17285E+00
0.28000E+04 0.32000E+04 0.27963E+00
0.28000E+04 0.32000E+04 0.59154E+00
0.28000E+04 0.32000E+04 0.50486E+00
0.28000E+04 0.32000E+04 0.44426E+00
0.28000E+04 0.32000E+04 0.75673E+00
0.28000E+04 0.32000E+04 0.53016E+00
0.28000E+04 0.32000E+04 0.71049E+00
0.28000E+04 0.32000E+04 0.77844E+00
0.28000E+04 0.32000E+04 0.81243E+00
0.28000E+04 0.32000E+04 0.62014E+00
0.28000E+04 0.32000E+04 0.62618E+00
0.28000E+04 0.32000E+04 0.46620E+00
0.28000E+04 0.32000E+04 0.42502E+00
0.28000E+04 0.32000E+04 0.34681E+00
0.28000E+04 0.32000E+04 0.22286E+00
0.28000E+04 0.32000E+04 0.21818E+00
0.28000E+04 0.32000E+04 0.78356E-01
0.32000E+04 0.38000E+04 0.60017E+00
0.32000E+04 0.38000E+04 0.61601E+00
0.32000E+04 0.38000E+04 0.65092E+00
0.32000E+04 0.38000E+04 0.55734E+00
0.32000E+04 0.38000E+04 0.70768E+00
0.32000E+04 0.38000E+04 0.59219E+00
0.32000E+04 0.38000E+04 0.50442E+00
0.32000E+04 0.38000E+04 0.43577E+00
0.32000E+04 0.38000E+04 0.71534E+00
0.32000E+04 0.38000E+04 0.72124E+00
0.32000E+04 0.38000E+04 0.53703E+00
0.32000E+04 0.38000E+04 0.49045E+00
0.32000E+04 0.38000E+04 0.34609E+00
0.32000E+04 0.38000E+04 0.27987E+00
0.32000E+04 0.38000E+04 0.17563E+00
0.32000E+04 0.38000E+04 0.16303E+00
0.32000E+04 0.38000E+04 0.49712E-01
0.38000E+04 0.45000E+04 0.55542E+00
0.38000E+04 0.45000E+04 0.90753E+00
0.38000E+04 0.45000E+04 0.87199E+00
0.38000E+04 0.45000E+04 0.61914E+00
0.38000E+04 0.45000E+04 0.60795E+00
0.38000E+04 0.45000E+04 0.61425E+00
0.38000E+04 0.45000E+04 0.45871E+00
0.38000E+04 0.45000E+04 0.42053E+00
0.38000E+04 0.45000E+04 0.29823E+00
0.38000E+04 0.45000E+04 0.24268E+00
0.38000E+04 0.45000E+04 0.15359E+00
0.38000E+04 0.45000E+04 0.92506E-01
0.38000E+04 0.45000E+04 0.79073E-01
0.38000E+04 0.45000E+04 0.19005E-01
0.45000E+04 0.60000E+04 0.90658E-01
0.45000E+04 0.60000E+04 0.94596E+00
0.45000E+04 0.60000E+04 0.10277E+01
0.45000E+04 0.60000E+04 0.74142E+00
0.45000E+04 0.60000E+04 0.74215E+00
0.45000E+04 0.60000E+04 0.59292E+00
0.45000E+04 0.60000E+04 0.62013E+00
0.45000E+04 0.60000E+04 0.57412E+00
0.45000E+04 0.60000E+04 0.41103E+00
0.45000E+04 0.60000E+04 0.33766E+00
0.45000E+04 0.60000E+04 0.21597E+00
0.45000E+04 0.60000E+04 0.13155E+00
0.45000E+04 0.60000E+04 0.75128E-01
0.45000E+04 0.60000E+04 0.59709E-01
0.45000E+04 0.60000E+04 0.85769E-02
0.60000E+04 0.80000E+04 0.75286E+00
0.60000E+04 0.80000E+04 0.53614E+00
0.60000E+04 0.80000E+04 0.43305E+00
0.60000E+04 0.80000E+04 0.46164E+00
0.60000E+04 0.80000E+04 0.36004E+00
0.60000E+04 0.80000E+04 0.34045E+00
0.60000E+04 0.80000E+04 0.28668E+00
0.60000E+04 0.80000E+04 0.18883E+00
0.60000E+04 0.80000E+04 0.11885E+00
0.60000E+04 0.80000E+04 0.70540E-01
0.60000E+04 0.80000E+04 0.38797E-01
0.60000E+04 0.80000E+04 0.29189E-01
0.60000E+04 0.80000E+04 0.26191E-02
0.80000E+04 0.11000E+05 0.46701E+00
0.80000E+04 0.11000E+05 0.31953E+00
0.80000E+04 0.11000E+05 0.25803E+00
0.80000E+04 0.11000E+05 0.25220E+00
0.80000E+04 0.11000E+05 0.18804E+00
0.80000E+04 0.11000E+05 0.15867E+00
0.80000E+04 0.11000E+05 0.10306E+00
0.80000E+04 0.11000E+05 0.63076E-01
0.80000E+04 0.11000E+05 0.35885E-01
0.80000E+04 0.11000E+05 0.20569E-01
0.80000E+04 0.11000E+05 0.10562E-01
0.80000E+04 0.11000E+05 0.56915E-03
0.11000E+05 0.20000E+05 0.60790E+00
0.11000E+05 0.20000E+05 0.60542E+00
0.11000E+05 0.20000E+05 0.20995E-01
0.20000E+05 0.30000E+05 0.13832E+00
0.20000E+05 0.30000E+05 0.61146E-02
