 7.250E+02  6.20E-02 7.690E+02  7.720E+02 
  7.250E+02  7.90E-02 5.614E+02  5.520E+02 
  7.250E+02  9.90E-02 4.452E+02  4.510E+02 
  7.250E+02  1.25E-01 4.013E+02  4.030E+02 
  7.250E+02  1.55E-01 2.799E+02  3.060E+02 
  7.250E+02  1.90E-01 2.683E+02  2.930E+02 
  7.250E+02  2.35E-01 2.132E+02  2.300E+02 
  7.250E+02  6.30E-01 5.449E+02  5.570E+02 
  8.750E+02  5.15E-02 8.202E+02  8.180E+02 
  8.750E+02  6.75E-02 6.997E+02  7.030E+02 
  8.750E+02  8.60E-02 5.769E+02  5.780E+02 
  8.750E+02  1.08E-01 4.930E+02  4.930E+02 
  8.750E+02  1.35E-01 4.158E+02  4.130E+02 
  8.750E+02  1.70E-01 3.911E+02  3.980E+02 
  8.750E+02  2.10E-01 2.837E+02  2.880E+02 
  8.750E+02  2.55E-01 2.418E+02  2.480E+02 
  8.750E+02  6.40E-01 6.499E+02  6.260E+02 
  1.025E+03  5.15E-02 5.940E+02  5.810E+02 
  1.025E+03  6.75E-02 5.092E+02  5.000E+02 
  1.025E+03  8.60E-02 4.545E+02  4.620E+02 
  1.025E+03  1.08E-01 3.917E+02  4.150E+02 
  1.025E+03  1.35E-01 3.434E+02  3.210E+02 
  1.025E+03  1.65E-01 2.460E+02  2.540E+02 
  1.025E+03  2.00E-01 2.507E+02  2.320E+02 
  1.025E+03  2.70E-01 3.659E+02  3.590E+02 
  1.025E+03  6.60E-01 4.154E+02  4.510E+02 
  1.200E+03  5.55E-02 5.228E+02  5.370E+02 
  1.200E+03  7.15E-02 4.497E+02  4.640E+02 
  1.200E+03  9.00E-02 4.168E+02  4.150E+02 
  1.200E+03  1.15E-01 4.435E+02  4.400E+02 
  1.200E+03  1.45E-01 3.137E+02  2.930E+02 
  1.200E+03  1.80E-01 2.912E+02  3.000E+02 
  1.200E+03  2.20E-01 2.148E+02  2.050E+02 
  1.200E+03  2.90E-01 3.197E+02  3.230E+02 
  1.200E+03  6.70E-01 3.539E+02  3.330E+02 
  1.400E+03  6.20E-02 3.534E+02  3.840E+02 
  1.400E+03  7.90E-02 3.090E+02  2.830E+02 
  1.400E+03  9.90E-02 2.947E+02  3.000E+02 
  1.400E+03  1.25E-01 2.875E+02  2.880E+02 
  1.400E+03  1.55E-01 2.072E+02  1.960E+02 
  1.400E+03  1.90E-01 2.011E+02  2.150E+02 
  1.400E+03  2.30E-01 1.488E+02  1.290E+02 
  1.400E+03  3.05E-01 2.365E+02  2.350E+02 
  1.400E+03  6.80E-01 2.124E+02  2.150E+02 
  1.650E+03  5.15E-02 4.384E+02  4.400E+02 
  1.650E+03  6.75E-02 3.626E+02  3.640E+02 
  1.650E+03  8.60E-02 3.346E+02  2.870E+02 
  1.650E+03  1.08E-01 3.104E+02  3.190E+02 
  1.650E+03  1.35E-01 2.884E+02  2.810E+02 
  1.650E+03  1.70E-01 2.651E+02  2.720E+02 
  1.650E+03  2.10E-01 1.846E+02  1.790E+02 
  1.650E+03  2.55E-01 1.703E+02  1.920E+02 
  1.650E+03  3.35E-01 2.057E+02  2.320E+02 
  1.650E+03  6.95E-01 1.819E+02  1.850E+02 
  1.950E+03  6.20E-02 2.628E+02  2.590E+02 
  1.950E+03  7.90E-02 2.241E+02  2.200E+02 
  1.950E+03  9.90E-02 2.216E+02  2.340E+02 
  1.950E+03  1.25E-01 2.269E+02  2.110E+02 
  1.950E+03  1.55E-01 1.647E+02  1.510E+02 
  1.950E+03  1.90E-01 1.616E+02  1.840E+02 
  1.950E+03  2.35E-01 1.396E+02  1.260E+02 
  1.950E+03  2.85E-01 9.855E+01  9.500E+01 
  1.950E+03  3.70E-01 1.265E+02  1.040E+02 
  1.950E+03  7.15E-01 9.468E+01  1.230E+02 
  2.250E+03  5.55E-02 2.011E+02  1.820E+02 
  2.250E+03  7.15E-02 1.786E+02  2.060E+02 
  2.250E+03  9.00E-02 1.600E+02  1.600E+02 
  2.250E+03  1.15E-01 1.877E+02  1.820E+02 
  2.250E+03  1.45E-01 1.372E+02  1.320E+02 
  2.250E+03  1.80E-01 1.321E+02  1.490E+02 
  2.250E+03  2.20E-01 9.465E+01  1.000E+02 
  2.250E+03  2.65E-01 8.294E+01  8.300E+01 
  2.250E+03  3.15E-01 6.003E+01  5.200E+01 
  2.250E+03  4.00E-01 7.315E+01  7.600E+01 
  2.250E+03  7.30E-01 5.165E+01  5.300E+01 
  2.600E+03  8.60E-02 1.615E+02  1.870E+02 
  2.600E+03  1.08E-01 1.599E+02  1.330E+02 
  2.600E+03  1.35E-01 1.538E+02  1.570E+02 
  2.600E+03  1.65E-01 1.134E+02  1.280E+02 
  2.600E+03  2.00E-01 1.121E+02  1.140E+02 
  2.600E+03  2.45E-01 9.836E+01  1.010E+02 
  2.600E+03  2.95E-01 6.640E+01  7.000E+01 
  2.600E+03  3.50E-01 5.697E+01  4.600E+01 
  2.600E+03  4.40E-01 5.475E+01  6.000E+01 
  2.600E+03  7.50E-01 3.589E+01  3.500E+01 
  3.000E+03  9.90E-02 1.127E+02  1.290E+02 
  3.000E+03  1.25E-01 1.222E+02  1.220E+02 
  3.000E+03  1.55E-01 9.283E+01  1.030E+02 
  3.000E+03  1.90E-01 9.093E+01  1.020E+02 
  3.000E+03  2.30E-01 6.729E+01  7.200E+01 
  3.000E+03  2.75E-01 5.787E+01  5.600E+01 
  3.000E+03  3.30E-01 4.801E+01  4.500E+01 
  3.000E+03  3.90E-01 3.248E+01  3.200E+01 
  3.000E+03  4.80E-01 2.910E+01  3.200E+01 
  3.000E+03  7.70E-01 1.893E+01  2.200E+01 
  3.500E+03  1.15E-01 1.402E+02  1.510E+02 
  3.500E+03  1.45E-01 1.114E+02  9.900E+01 
  3.500E+03  1.80E-01 1.094E+02  1.130E+02 
  3.500E+03  2.20E-01 8.015E+01  7.500E+01 
  3.500E+03  2.65E-01 7.080E+01  5.600E+01 
  3.500E+03  3.15E-01 4.961E+01  5.500E+01 
  3.500E+03  3.70E-01 3.978E+01  4.700E+01 
  3.500E+03  4.30E-01 2.461E+01  3.200E+01 
  3.500E+03  5.20E-01 2.351E+01  2.600E+01 
  3.500E+03  7.90E-01 1.287E+01  1.800E+01 
  4.150E+03  1.08E-01 9.542E+01  7.800E+01 
  4.150E+03  1.35E-01 9.274E+01  8.500E+01 
  4.150E+03  1.70E-01 9.561E+01  1.190E+02 
  4.150E+03  2.10E-01 6.851E+01  7.200E+01 
  4.150E+03  2.55E-01 6.388E+01  7.100E+01 
  4.150E+03  3.05E-01 4.266E+01  3.800E+01 
  4.150E+03  3.60E-01 3.453E+01  3.400E+01 
  4.150E+03  4.20E-01 2.253E+01  2.200E+01 
  4.150E+03  4.80E-01 1.359E+01  1.500E+01 
  4.150E+03  5.70E-01 1.157E+01  1.300E+01 
  4.150E+03  8.15E-01 5.077E+00  8.000E+00 
  5.250E+03  1.08E-01 1.201E+02  1.100E+02 
  5.250E+03  1.35E-01 1.223E+02  1.460E+02 
  5.250E+03  1.65E-01 9.572E+01  1.140E+02 
  5.250E+03  2.00E-01 1.000E+02  1.250E+02 
  5.250E+03  2.45E-01 9.005E+01  7.400E+01 
  5.250E+03  2.95E-01 6.431E+01  6.400E+01 
  5.250E+03  3.50E-01 5.027E+01  4.800E+01 
  5.250E+03  4.10E-01 3.196E+01  2.400E+01 
  5.250E+03  4.70E-01 2.058E+01  2.200E+01 
  5.250E+03  5.30E-01 1.193E+01  1.200E+01 
  5.250E+03  6.25E-01 9.563E+00  1.600E+01 
  5.250E+03  8.45E-01 2.643E+00  2.000E+00 
  7.000E+03  1.15E-01 8.108E+01  7.300E+01 
  7.000E+03  1.45E-01 7.649E+01  9.200E+01 
  7.000E+03  1.80E-01 8.083E+01  8.000E+01 
  7.000E+03  2.20E-01 6.285E+01  6.900E+01 
  7.000E+03  2.65E-01 5.751E+01  5.100E+01 
  7.000E+03  3.20E-01 4.651E+01  3.900E+01 
  7.000E+03  3.80E-01 2.923E+01  2.700E+01 
  7.000E+03  4.40E-01 1.847E+01  1.300E+01 
  7.000E+03  5.00E-01 1.096E+01  8.000E+00 
  7.000E+03  5.60E-01 6.238E+00  6.000E+00 
  7.000E+03  6.60E-01 4.828E+00  7.000E+00 
  7.000E+03  8.65E-01 8.067E-01  0.000E+00 
  9.500E+03  1.70E-01 5.377E+01  5.300E+01 
  9.500E+03  2.10E-01 4.959E+01  5.000E+01 
  9.500E+03  2.55E-01 4.698E+01  4.900E+01 
  9.500E+03  3.05E-01 3.407E+01  3.700E+01 
  9.500E+03  3.60E-01 2.822E+01  3.500E+01 
  9.500E+03  4.20E-01 1.742E+01  1.300E+01 
  9.500E+03  4.80E-01 1.040E+01  6.000E+00 
  9.500E+03  5.40E-01 5.700E+00  2.000E+00 
  9.500E+03  6.05E-01 3.386E+00  2.000E+00 
  9.500E+03  7.10E-01 2.041E+00  0.000E+00 
  9.500E+03  8.90E-01 1.783E-01  0.000E+00 
  1.550E+04  4.28E-01 1.039E+02  1.010E+02 
  1.550E+04  8.00E-01 4.458E+00  7.000E+00 
 